Image Points
-------------------
198,457,179,
325,463,37,
87,187,73,
253,591,307,
181,168,122,

Time
-------------------
6.288
6.5
6.12
7
9

Start Position
-------------------
-0.0847707, 0.00021720, 1.59670, 1.63003
-0.0772834, -0.0152855, 1.68176, 1.58085
-0.0651942, -0.0216386, 1.62165, 1.65176
-0.0263333, -0.0146882, 1.52522, 1.60863
0.06092100, -0.0101541, 1.68391, 1.54949

End Position
-------------------
-0.0121623, -0.00904098, 1.57239, 1.7051
-0.10716, -0.0951068, 1.4995, 1.66906
-0.0840402, 0.0543817, 1.68386, 1.6175
-0.09854, -0.0790611, 1.7297, 1.63267
0.018006, -0.0548704, 1.53617, 1.68815

Tau Inverse
-------------------
0.97,
0.935,
0.99,
0.86,
0.67,

Tau
-------------------
1.035,
1.07,
1.02,
1.163,
1.5,



